LM.Name	AJ_ml_sdx	AJ_ml_sdy	AJ_ml_sdz	AJ_ml_avg_sd	AJ_auto_sdx	AJ_auto_sdy	AJ_auto_sdz	AJ_auto_avg_sd	X_Fvalue	X_pvalue	Y_Fvalue	Y_pvalue	Z_Fvalue	Z_pvalue	Mean_Fvalue	Mean_pvalue
Alar curvature left	0.122220245268504	0.375169012522229	0.422654394738497	0.306681217509743	0.032802759615105	0.0968384176095536	0.0887803678561869	0.0728071816936152	11.0425720015678	0.00134458351192744	35.463062146087	6.6071034667627e-08	51.1242449330548	3.64679457491038e-10	59.6244205752696	2.8320917113843e-11
Alar curvature right	0.12187531513134	0.336881767297005	0.527283203011626	0.328680095146657	0.0809109059822558	0.17024156836594	0.388744842398322	0.213299105582173	4.68161422675094	0.0334707269684397	9.17965930162016	0.00329501668285761	33.6410211393016	1.26986023026903e-07	22.2346405099262	1.00611139861442e-05
Chelion left	0.59483202153961	0.296524941248798	0.363096457721482	0.418151140169963	0.35283043639873	0.102445531430336	0.144124620972136	0.199800196267068	5.5591683490713	0.0208268298984015	6.55404211400283	0.0123466407053889	4.2438649525453	0.0426435474791636	4.64532793239397	0.034144329016825
Chelion right	0.426908533096854	0.271230064523425	0.197127573389323	0.298422057003201	0.0999052512019751	0.0576359703369924	0.0335239755656337	0.063688399034867	36.134140092704	5.20861617565783e-08	36.8235618781256	4.08580432387226e-08	11.5381361445118	0.00106447133450147	24.5101283924721	4.03036054781346e-06
Crista philtri left	0.516877810540508	0.458412152291181	0.188964226809771	0.388084729880487	0.476146087857306	0.478026816351927	0.189138512383628	0.381103805530954	22.1841540212235	1.02701561996184e-05	32.0376458446312	2.27806582791703e-07	0.632139444933606	0.428924208638458	29.1831887798755	6.59820549863266e-07
Crista philtri right	0.653585121569907	0.569767098239014	0.197644968595069	0.473665729467997	0.545127322891441	0.563196397282865	0.233264896700337	0.447196205624881	21.1578493394405	1.56408065138926e-05	17.3074401457209	7.94268426176186e-05	0.000113009508833296	0.991544639316903	18.1684693249114	5.48568481266425e-05
Endocanthion left	0.588163372221103	0.328603444005065	0.391725659106109	0.436164158444092	0.502865723526363	0.205706118170648	0.342611249247737	0.350394363648249	20.9140765617306	1.72970468892703e-05	6.80836149784041	0.0108259060711621	6.12012269583375	0.0154817464859226	14.1999557263235	0.000312971969632625
Endocanthion right	0.482844703673643	0.268873041919471	0.330615536471857	0.360777760688324	0.450736605408879	0.121471439784915	0.228373596431293	0.266860547208362	26.7345521838626	1.68427624964837e-06	13.8027356976631	0.00037454003416022	28.3520025551051	9.04535705083884e-07	28.4103236643096	8.84656978554182e-07
Exocanthion left	0.36349887621484	0.270482715892903	0.249844396019246	0.294608662708996	0.0388937385855102	0.147018619799252	0.0563934838217921	0.0807686140688514	30.9195926309544	3.44279827819905e-07	23.9728936774609	4.99159926566902e-06	23.1587832260132	6.91940340004707e-06	47.7334262875473	1.06101824638306e-09
Exocanthion right	0.352403623469394	0.237369422725143	0.266803461096486	0.285525502430341	0.137491862805493	0.0580971367899909	0.0927875828605392	0.0961255274853409	21.8815682230718	1.16201684831437e-05	22.4639784015913	9.16518619447519e-06	16.440860183132	0.000115757915966862	28.0099906626946	1.0307126160862e-06
Glabella	0.417537931037227	0.691297483233189	0.253638627528053	0.454158013932823	0.35693567803112	0.375665669689717	0.14885592590525	0.293819091208696	51.6988550489167	3.05181656896954e-10	28.9313039600565	7.25805017992204e-07	9.70408520028767	0.00255238694428733	41.5866054125865	7.95263138189537e-09
Labiale inferius	0.535504037947373	0.846803486738036	0.374881570741258	0.585729698475556	0.498360198244436	0.880504643546515	0.353065537537247	0.577310126442733	52.7628658426723	2.19912142512875e-10	11.2914500440849	0.00119545318704869	0.515636941280299	0.47480065124261	26.3847365750623	1.92934071469548e-06
Labiale superius	0.375169012522228	0.453353176946106	0.126934290476414	0.318485493314916	0.355957087017656	0.448053738658116	0.182656719910151	0.328889181861974	4.47968079073194	0.0374084334421674	1.9230160298697	0.169376669543388	0.455986918037623	0.501452629070364	2.42126929640544	0.123645321098327
Nasion	0.389138683077377	0.815069914118932	0.277208853567604	0.493805816921304	0.311402486368938	0.520710523035893	0.221235554933932	0.351116188112921	38.8398748900691	2.02619525154149e-08	46.3141208641989	1.67382266233445e-09	3.94379695107488	0.0504698457645117	87.7550067435719	1.66577129150009e-14
Pogonion	0.710958501051548	0.757236627787741	0.32779860701835	0.598664578619213	0.621899567554296	0.295766853372629	0.125853561662884	0.347839994196603	40.9309954320731	9.92120853605389e-09	45.2473465586027	2.36628214522525e-09	8.25821788054877	0.00519392022354239	23.9926917425559	4.95229572533236e-06
Pronasale	0.289626338505515	0.492732700939016	0.214661522028501	0.332340187157677	0.230747392146432	0.33023375707322	0.151733651198289	0.237571600139314	102.673557235937	5.32945825910754e-16	47.2075576305303	1.25547551261553e-09	3.59283992961911	0.0616406209224042	38.2427843978979	2.4905815160995e-08
Subalare left	0.476406007779912	0.255420766570068	0.46967987010521	0.400502214818397	0.441546689970451	0.172204456208388	0.35789345603654	0.323881534071793	14.2510792054559	0.0003058439512072	4.79224427271461	0.0315030291325308	9.0367904045872	0.0035339890009741	16.4804501949536	0.00011377236060758
Subalare right	0.497906652996479	0.314691261806111	0.472324334490136	0.428307416430909	0.38130798854693	0.178750556605136	0.373797138443799	0.311285227865288	19.2636049761886	3.44575819258362e-05	11.1472904029759	0.0012796166546168	18.3993822685945	4.97073882988181e-05	25.6818566486076	2.53870773473781e-06
Subnasale	0.176604230228055	0.552980498230358	0.314288843312752	0.347957857257055	0.0926494843812423	0.364543611612575	0.16431323638548	0.207168777459766	30.9854646286237	3.35962092368969e-07	42.2681415167829	6.32761348680093e-09	21.9008890676187	1.15287467811538e-05	42.6475648595899	5.57478374418891e-09
