LM.Name	AJ_ml_rmsex	AJ_ml_rmsey	AJ_ml_rmsez	AJ_ml_avg_rmse	AJ_auto_rmsex	AJ_auto_rmsey	AJ_auto_rmsez	AJ_auto_avg_rmse	X_Fvalue	X_pvalue	Y_Fvalue	Y_pvalue	Z_Fvalue	Z_pvalue	Mean_Fvalue	Mean_pvalue
Alar curvature left	0.172845528455285	0.530569105691057	0.597723577235774	0.433712737127372	0.046390107530946	0.13695020354218	0.125554400294692	0.102964903789273	11.0425720015678	0.00134458351192744	35.463062146087	6.60710346676277e-08	51.1242449330548	3.64679457491035e-10	59.6244205752697	2.83209171138424e-11
Alar curvature right	0.172357723577236	0.476422764227642	0.745691056910568	0.464823848238482	0.114425300584001	0.240757934862779	0.549768228422299	0.301650487956359	4.68161422675094	0.0334707269684397	9.17965930162016	0.00329501668285761	33.6410211393016	1.269860230269e-07	22.2346405099262	1.00611139861442e-05
Chelion left	0.841219512195122	0.419349593495935	0.513495934959349	0.591355013550135	0.498977588373102	0.144879859953301	0.203822993650676	0.282560147325693	5.55916834907131	0.0208268298984015	6.55404211400283	0.0123466407053889	4.2438649525453	0.0426435474791638	4.64532793239397	0.034144329016825
Chelion right	0.603739837398374	0.383577235772358	0.278780487804878	0.422032520325203	0.141287361202124	0.081509570931108	0.0474100609095834	0.0900689976809385	36.134140092704	5.20861617565783e-08	36.8235618781256	4.08580432387229e-08	11.5381361445118	0.00106447133450148	24.5101283924721	4.03036054781346e-06
Crista philtri left	0.730975609756098	0.648292682926829	0.267235772357723	0.548834688346883	0.673372255118694	0.676032006862928	0.267482249379998	0.538962170453873	22.1841540212235	1.02701561996184e-05	32.0376458446312	2.27806582791703e-07	0.632139444933605	0.428924208638459	29.1831887798755	6.59820549863271e-07
Crista philtri right	0.924308943089431	0.805772357723578	0.279512195121952	0.669864498644987	0.770926453253214	0.796479983317093	0.329886380539175	0.632430939036494	21.1578493394405	1.56408065138926e-05	17.3074401457209	7.94268426176186e-05	0.000113009508833297	0.991544639316903	18.1684693249114	5.4856848126642e-05
Endocanthion left	0.831788617886179	0.464715447154471	0.553983739837399	0.616829268292683	0.711159526263541	0.290912382180053	0.484525475307739	0.495532461250444	20.9140765617306	1.72970468892702e-05	6.8083614978404	0.0108259060711622	6.12012269583375	0.0154817464859225	14.1999557263234	0.000312971969632626
Endocanthion right	0.682845528455284	0.380243902439026	0.467560975609757	0.510216802168022	0.637437820427247	0.171786557584814	0.322969037361054	0.377397805124371	26.7345521838626	1.68427624964839e-06	13.8027356976631	0.000374540034160217	28.3520025551051	9.04535705083893e-07	28.4103236643097	8.84656978554165e-07
Exocanthion left	0.514065040650406	0.382520325203252	0.353333333333333	0.416639566395663	0.0550040525990223	0.207915726041476	0.0797524296502461	0.114224069430248	30.9195926309543	3.44279827819906e-07	23.9728936774609	4.99159926566908e-06	23.1587832260132	6.9194034000471e-06	47.7334262875474	1.06101824638303e-09
Exocanthion right	0.498373983739838	0.33569105691057	0.377317073170733	0.40379403794038	0.194442857095469	0.08216175878345	0.131221458101192	0.135942024660037	21.8815682230718	1.16201684831437e-05	22.4639784015913	9.16518619447508e-06	16.440860183132	0.000115757915966863	28.0099906626946	1.03071261608621e-06
Glabella	0.590487804878049	0.977642276422763	0.35869918699187	0.642276422764227	0.504783276766446	0.53127148499317	0.210514069254809	0.415522943671475	51.6988550489168	3.05181656896953e-10	28.9313039600565	7.25805017992196e-07	9.70408520028768	0.00255238694428732	41.5866054125866	7.95263138189526e-09
Labiale inferius	0.757317073170732	1.19756097560976	0.530162601626016	0.828346883468835	0.704787751304226	1.24522160863597	0.499310071591721	0.816439810510639	52.7628658426723	2.19912142512876e-10	11.2914500440849	0.00119545318704868	0.515636941280298	0.47480065124261	26.3847365750622	1.92934071469548e-06
Labiale superius	0.530569105691057	0.641138211382113	0.179512195121951	0.45040650406504	0.503399340083189	0.633643673882278	0.25831561055552	0.465119541506996	4.47968079073194	0.0374084334421674	1.9230160298697	0.169376669543388	0.455986918037623	0.501452629070364	2.42126929640544	0.123645321098327
Nasion	0.550325203252033	1.15268292682927	0.392032520325202	0.698346883468834	0.440389619579655	0.736395883747748	0.312874322266704	0.496553275198036	38.8398748900691	2.02619525154149e-08	46.3141208641988	1.67382266233447e-09	3.94379695107488	0.0504698457645116	87.7550067435719	1.66577129150007e-14
Pogonion	1.00544715447155	1.07089430894309	0.463577235772359	0.846639566395665	0.879498802869248	0.418277495339987	0.17798381377661	0.491920037328615	40.930995432073	9.92120853605389e-09	45.2473465586026	2.36628214522525e-09	8.25821788054876	0.0051939202235424	23.9926917425559	4.95229572533235e-06
Pronasale	0.40959349593496	0.696829268292683	0.303577235772357	0.47	0.326326091455707	0.46702105800637	0.214583787393009	0.335976978951695	102.673557235937	5.32945825910766e-16	47.2075576305303	1.25547551261555e-09	3.59283992961911	0.0616406209224042	38.2427843978979	2.4905815160995e-08
Subalare left	0.673739837398374	0.361219512195122	0.664227642276422	0.566395663956639	0.62444131737716	0.243533877470986	0.506137779411454	0.458037658086534	14.251079205456	0.000305843951207197	4.79224427271461	0.0315030291325307	9.03679040458719	0.0035339890009741	16.4804501949537	0.000113772360607579
Subalare right	0.704146341463415	0.445040650406504	0.667967479674796	0.605718157181572	0.539250928844274	0.252791461432723	0.528628982763474	0.44022379101349	19.2636049761886	3.44575819258361e-05	11.1472904029758	0.00127961665461681	18.3993822685946	4.97073882988175e-05	25.6818566486077	2.53870773473779e-06
Subnasale	0.249756097560975	0.782032520325203	0.444471544715446	0.492086720867208	0.131026157358827	0.515542519618973	0.232374007373762	0.292980894783854	30.9854646286237	3.35962092368967e-07	42.2681415167828	6.32761348680107e-09	21.9008890676187	1.15287467811538e-05	42.64756485959	5.57478374418875e-09
