Aml_Aloo_avg_rmse	Aml_Bloo_avg_rmse	Aml_Cloo_avg_rmse	Bml_Aloo_avg_rmse	Bml_Bloo_avg_rmse	Bml_Cloo_avg_rmse	Cml_Aloo_avg_rmse	Cml_Bloo_avg_rmse	Cml_Cloo_avg_rmse	Aloo_Bloo_avg_rmse
Glabella_F	2.72634895030357	9.41308647212472	6.71464152042724	3.01378847959368	2.62674368549144	2.54079726271434	3.42319807503777	4.89196778940446	3.30933827895802	41.5866054125866
Glabella_p	0.102625174852321	0.00294005060316869	0.0113620867594946	0.086409025508601	0.109012277559632	0.114882248213701	0.0679784037289071	0.0298347065833129	0.0726287997936417	7.95263138189532e-09
Nasion_F	0.44870326614492	0.18500706557005	0.427335298089641	0.0499209622046788	0.0519329403411861	0.0737123120978445	0.107540782807621	0.316513577792981	1.12234767294793	87.7550067435718
Nasion_p	0.504880297582429	0.66826155486521	0.515174022646228	0.823770414571914	0.820314754903561	0.786705792448781	0.743818193338492	0.575283618613172	0.292601700291363	1.66577129150011e-14
Pronasale_F	0.792717317747196	2.02202491556195	1.8214586994671	0.286444722544271	0.589986854652563	1.17780699405763	0.110847074038341	0.0902537017036005	0.018578564922869	38.2427843978979
Pronasale_p	0.375949499599354	0.158919404280774	0.180946569620994	0.593992545050136	0.444685605809453	0.281062482562395	0.74005274215211	0.764634190568453	0.891924005916034	2.4905815160995e-08
Subnasale_F	8.87060765962126	1.63880011287274	4.84737231515809	0.243516090015881	1.42236568506606	0.404197731531259	4.34602156724262	5.08160164309606	6.20452852838412	42.6475648595899
Subnasale_p	0.00383478760396768	0.204189774346539	0.0305688394661656	0.623030080761478	0.236539811106282	0.526743874226009	0.0402852586954357	0.0269159052462318	0.0148120409326481	5.57478374418883e-09
Labiale superius_F	1.90154423607679	2.57002870958254	1.12082232873674	5.46597903511494	5.88566607658476	3.65554006952125	2.28568382775858	3.6342270472874	3.04605292571665	2.42126929640544
Labiale superius_p	0.171748921513216	0.112846937235197	0.292927629966579	0.021889077397301	0.0175146888541215	0.059463171006219	0.134512933849133	0.0601938207160149	0.0847732906334432	0.123645321098327
Labiale inferius_F	0.716844856081043	8.20670070379829	3.36160337283078	3.65103470269485	0.616782230547206	1.22974818982227	0.507814852322128	1.68617802588185	0.935706030881825	26.3847365750623
Labiale inferius_p	0.399706442918858	0.00532911150084165	0.0704523814406255	0.0596168179041523	0.434565306654332	0.270778609044332	0.478159658745262	0.197836297089448	0.336299882504647	1.92934071469544e-06
Pogonion_F	0.29439280449195	0.174816989965439	0.000616773492582434	0.130638673545675	0.00875048890793336	0.00241927220468566	1.40919451986394	0.732356558541754	2.29769886098527	23.992691742556
Pogonion_p	0.588927549468761	0.676986008233403	0.980248477527817	0.71872359380319	0.925705239540224	0.960893583322449	0.238703171814302	0.39467631908342	0.133507326666483	4.95229572533227e-06
Endocanthion left_F	2.36622915402979	2.69428937467835	2.48928660837797	1.08721591207674	0.184442864536638	0.202314287410642	0.22476363803944	0.281349220074225	0.24359320087268	14.1999557263234
Endocanthion left_p	0.127932305327194	0.104634207843408	0.11856996211053	0.300229634838682	0.668737062014024	0.65407566728135	0.63672541483985	0.597287559706313	0.62297513891007	0.000312971969632628
Endocanthion right_F	11.278293603889	9.04238967559087	9.87400871299064	8.24781104861937	6.8580786771002	5.16365315087842	7.56621869750606	9.93312723233037	8.80684820372625	28.4103236643096
Endocanthion right_p	0.0012028908492407	0.00352429200906671	0.00235093493408818	0.00522093886319948	0.0105523000136899	0.0257484040662895	0.00735241344305515	0.00228477789712238	0.00395715701540183	8.84656978554179e-07
Exocanthion left_F	5.25402808606414	5.58641890470654	5.75285456658404	5.10739987937935	8.27845249711011	7.53167921844535	2.47598161924244	3.57876039463298	3.33971806430752	47.7334262875474
Exocanthion left_p	0.024524357109441	0.0205266064775424	0.0187894298549384	0.0265428867743176	0.00514180248677109	0.0074821054911351	0.119543998648968	0.062141378819751	0.0713549337605496	1.06101824638303e-09
Exocanthion right_F	15.594353809547	15.7642040487515	15.9330644504063	18.1987052539678	16.063038736039	17.052272850611	16.3928316728321	15.7166156821452	16.1083886366643	28.0099906626946
Exocanthion right_p	0.000167944489925212	0.000155808160468413	0.000144636727940929	5.41524649721114e-05	0.000136602242764234	8.87040149944822e-05	0.000118214700762697	0.000159114443193702	0.000133908356757544	1.03071261608621e-06
Alar curvature left_F	1.11003665573105	1.71929980090301	1.14580649652051	2.09213513973749	1.26598417044752	1.83777746761923	0.0259380785390127	1.08921776292073e-05	0.00374933607172824	59.6244205752696
Alar curvature left_p	0.295245748948793	0.19353430152609	0.287647638548569	0.15196576591019	0.263885806071645	0.17902643395067	0.872457652147109	0.99737493847958	0.95132730354492	2.83209171138427e-11
Alar curvature right_F	0.00241828703295555	0.00834972743584039	0.156223843126788	1.30769162082304	0.112488314428372	0.366875140097452	5.50768969375853e-05	0.64537540814565	0.271150772119853	22.2346405099263
Alar curvature right_p	0.960901540058205	0.92742157962537	0.693709164968455	0.256223415594999	0.738206748508866	0.54642716773752	0.994097124518205	0.424151453889963	0.603999161263507	1.00611139861441e-05
Subalare left_F	0.212853753624898	2.1163456025504	0.750588161665778	0.646453885713683	0.774368180923539	0.184307329185592	0.000308120042220893	0.121881881328076	0.00371844156586572	16.4804501949537
Subalare left_p	0.64579177665854	0.149646484424324	0.388881048959909	0.423766121998407	0.381504925402503	0.668851419351151	0.98603887806613	0.727919572059172	0.951527997136508	0.000113772360607579
Subalare right_F	0.528985206706175	2.4746865817973	1.51024212671581	0.761931864317248	0.747519175430007	0.420199581330788	0.0985183792122904	2.03135706473185	0.0994251452891134	25.6818566486076
Subalare right_p	0.469156962332029	0.119639286482445	0.222704788210549	0.385337113034614	0.389847922973504	0.518693738809025	0.75443193009079	0.157972946840268	0.753341627300135	2.53870773473781e-06
Crista philtri left_F	0.661756445046357	1.58861575376593	0.951841211235004	7.22979877659679	2.71470196818643	4.86665698584748	2.2567039044757	2.54890517474715	1.9772936951621	29.1831887798755
Crista philtri left_p	0.418355126943144	0.211187969139664	0.332192025075501	0.00872271547060401	0.103350024090718	0.0302490430859327	0.136974099967964	0.114313616160936	0.16354818907345	6.59820549863269e-07
Crista philtri right_F	0.0985352873490288	0.0608824508207657	0.110811716522954	2.25879585632133	0.711937044325093	0.672401531725602	0.0871667479219049	0.019704056483835	0.0372366978925873	18.1684693249114
Crista philtri right_p	0.754411549231829	0.805738654330176	0.740092677449847	0.136794729974535	0.401317474073107	0.41465205547236	0.768575318366787	0.888719589474708	0.847472987710319	5.48568481266418e-05
Chelion left_F	0.68869470240755	1.66976604405023	1.14870281123974	0.809638398899188	1.14498159866386	0.944898301253558	0.283532872192778	0.664962138384739	0.466421813505215	4.64532793239397
Chelion left_p	0.409078297123106	0.200010097755825	0.287043518488949	0.370927748754042	0.287819997266408	0.333951257321905	0.595870836881857	0.417234773276198	0.496610972391905	0.034144329016825
Chelion right_F	8.44218515988497	7.92683479481091	8.15539217690749	7.31698767064929	7.45197244629876	7.29891139845409	6.66213764155819	6.02102265226223	6.06946218999134	24.5101283924721
Chelion right_p	0.00473960631814831	0.0061304454750266	0.00546740395091485	0.00834373597218207	0.0077906016364633	0.00842086748058141	0.0116745692005875	0.0163089246846098	0.0158989411470572	4.03036054781345e-06
